0 RISAT 1 DEB
1 41797U 12017C   16286.30552227  .13894155  00000-0  15260+0 0  9997
2 41797  97.5550 291.4731 0020644 191.3978 170.5866 15.57628448  1837
0 RISAT 2B
1 44233U 19028A   23283.68750253  .00012326  00000-0  10071-2 0  9995
2 44233  36.9994  36.3486 0008247  10.1064 349.9842 14.98820640240514
0 RISAT 1
1 38248U 12017A   23284.00534669  .00012754  00000-0  62717-3 0  9993
2 38248  97.5403 296.4890 0004931  57.4203 302.7507 15.18148779631578
0 RISAT-2BR1
1 44857U 19089F   23284.09193153  .00008416  00000-0  68822-3 0  9993
2 44857  36.9608 154.3567 0013224 161.3397 198.7831 14.98878099209994
0 RISAT-2BR2
1 46905U 20081A   23284.22077316  .00008322  00000-0  68234-3 0  9993
2 46905  36.8992 270.9495 0003997 111.4918 248.6249 14.98834311160231
0 GSAT 8
1 37605U 11022A   23284.18362441  .00000084  00000-0  00000+0 0  9996
2 37605   0.0387  50.3900 0007067 202.8981 247.4337  1.00273345 45417
0 GSAT 12
1 37746U 11034A   23283.96323594  .00000048  00000-0  00000+0 0  9996
2 37746   2.7337  89.1406 0005358 121.6398 232.8044  0.98857996 45104
0 GSAT 10
1 38779U 12051B   23283.86194176 -.00000167  00000-0  00000+0 0  9997
2 38779   0.0454  97.3183 0003364 155.7007 159.5156  1.00272543 40461
0 GSAT 7
1 39234U 13044B   23283.84892522 -.00000079  00000-0  00000-0 0  9998
2 39234   0.0872  86.3299 0008544 165.2667 147.2150  1.00272887 35497
0 GSAT 14 
1 39498U 14001A   23283.84605862 -.00000079  00000-0  00000+0 0  9992
2 39498   0.0379  84.8593 0005483 159.9667 152.9540  1.00270976 35752
0 GSAT 16
1 40332U 14078A   23283.60214588  .00000082  00000-0  00000+0 0  9993
2 40332   0.0228 197.7187 0004236 285.0162 168.0796  1.00271597 32425
0 GSAT 6
1 40880U 15041A   23283.86188054 -.00000163  00000-0  00000-0 0  9990
2 40880   0.0497 100.5389 0004133  97.9991 213.5006  1.00271954 29763
0 GSAT 15
1 41028U 15065A   23283.81277056 -.00000260  00000-0  00000-0 0  9995
2 41028   0.0437  94.5841 0002315  99.0642 211.6303  1.00272219 28968
0 GSAT 18
1 41793U 16060A   23283.84605810 -.00000079  00000-0  00000-0 0  9994
2 41793   0.0612  84.2319 0001283 122.9122 190.6339  1.00273053 25701
0 GSAT 9
1 42695U 17024A   23283.84181272 -.00000288  00000-0  00000-0 0  9990
2 42695   0.0202 135.4290 0002657  83.7681 200.3780  1.00269583 23479
0 GSAT 19
1 42747U 17031A   23283.76321208  .00000123  00000-0  00000-0 0  9999
2 42747   0.0738  87.8880 0003493  50.9048 202.9755  1.00271823 23300
0 GSAT 17
1 42815U 17040B   23283.81277057 -.00000260  00000-0  00000-0 0  9996
2 42815   0.0705  90.7473 0005449 163.6208 150.8844  1.00272157 22955
0 GSAT 6A
1 43241U 18027A   23283.50115876 -.00000151  00000-0  00000-0 0  9991
2 43241   1.1444 114.3252 1307623  52.9128 271.9903  1.19317251 24150
0 GSAT 29
1 43698U 18089A   23283.76869788  .00000082  00000-0  00000-0 0  9993
2 43698   0.0650  85.9022 0002297 144.1199 120.8794  1.00274605 17956
0 GSAT 11
1 43824U 18100B   23283.84605899 -.00000079  00000-0  00000-0 0  9995
2 43824   0.0229 202.2417 0004452 292.8291 262.6607  1.00270802 17649
0 GSAT 7A
1 43864U 18105A   23283.77527583  .00000024  00000-0  00000-0 0  9998
2 43864   0.0285 117.2279 0002103  92.8699 150.8682  1.00273599 17622
0 GSAT 31
1 44035U 19007B   23283.76321243  .00000123  00000-0  00000-0 0  9995
2 44035   0.0437  88.3346 0004271 143.1205 110.3086  1.00273369 17147
0 GSAT 30
1 45026U 20005A   23283.86188064 -.00000167  00000-0  00000-0 0  9998
2 45026   0.0718  92.0754 0001585  82.2720 238.1576  1.00271808 13678
0 CARTOSAT-1
1 28649U 05017A   23284.11478168  .00002976  00000-0  34870-3 0  9996
2 28649  97.6542 332.5053 0002787  82.7865 277.3668 14.85725784998089
0 CARTOSAT 2AT
1 29710U 07001B   23284.17010371  .00101173  00000-0  87048-3 0  9999
2 29710  97.9023  74.0232 0073340 136.8374 223.8666 15.65452951910363
0 CARTOSAT 2A
1 32783U 08021A   23284.14175201  .00002062  00000-0  28751-3 0  9990
2 32783  97.9039 342.6491 0013198  54.9987 305.2461 14.78730007834053
0 CARTOSAT 2B
1 36795U 10035A   23284.11091055  .00002155  00000-0  30000-3 0  9999
2 36795  97.8982 342.4358 0014232 126.3152 233.9375 14.78744571715098
0 CARTOSAT 2C
1 41599U 16040A   23284.20317790  .00008976  00000-0  42734-3 0  9990
2 41599  97.4239 342.5927 0012884 307.1540  52.8517 15.19306599404924
0 CARTOSAT 2D
1 41948U 17008A   23283.90571784  .00010671  00000-0  50768-3 0  9995
2 41948  97.4647 341.7978 0005937  86.9055 273.2858 15.19339646368741
0 CARTOSAT 2E
1 42767U 17036C   23284.11874477  .00011135  00000-0  53049-3 0  9996
2 42767  97.4768 341.7079 0006764 141.4368 218.7351 15.19273612349347
0 CARTOSAT 2F
1 43111U 18004A   23284.15221423  .00009951  00000-0  47632-3 0  9991
2 43111  97.4701 342.0792 0002497 136.8872 223.2559 15.19157316318531
0 CARTOSAT 3
1 44804U 19081A   23284.08621894  .00008438  00000-0  40222-3 0  9992
2 44804  97.3337 338.8115 0011407 338.4366  21.6386 15.19290574214612
0 IRNSS R1A
1 39199U 13034A   23283.51229741  .00000107  00000-0  00000+0 0  9998
2 39199  33.5085  78.1536 0021287 180.2219   0.0020  1.00277043 37815
0 IRNSS 1B
1 39635U 14017A   23283.83957913  .00000090  00000-0  00000-0 0  9991
2 39635  28.6341 257.0523 0018711 190.7028 288.7606  1.00276373 34969
0 IRNSS 1C
1 40269U 14061A   23283.80845307 -.00000160  00000-0  00000-0 0  9994
2 40269   4.0501 111.5956 0019679   6.3114 275.3138  1.00271678 32857
0 IRNSS 1D
1 40547U 15018A   23283.84216045 -.00000295  00000-0  00000+0 0  9999
2 40547  28.0007 257.0179 0018989 187.6363 349.4879  1.00271317 31414
0 IRNSS 1E
1 41241U 16003A   23283.85258421 -.00000270  00000-0  00000-0 0  9995
2 41241  31.0616  77.2433 0021103 179.8630 180.9088  1.00275022 28258
0 IRNSS 1F
1 41384U 16015A   23283.86299407  .00000160  00000-0  00000-0 0  9993
2 41384   3.0078 128.0899 0019161 173.4895  60.7563  1.00267704 27836
0 IRNSS 1G
1 41469U 16027A   23283.96021487 -.00000332  00000-0  00000+0 0  9993
2 41469   2.8966 129.6681 0001231   0.1813   4.7317  1.00272362 27341
0 IRNSS 1I
1 43286U 18035A   23283.53883957  .00000116  00000-0  00000+0 0  9993
2 43286  29.3348  89.6126 0021133 176.9129   1.3789  1.00274039 20232
0 OCEANSAT 2
1 35931U 09051A   23284.18866683  .00000533  00000-0  39190-3 0  9997
2 35931  98.3022 351.6904 0017912 118.4282 241.8692 13.99391739742257
0 RESOURCESAT 2A
1 41877U 16074A   23284.22776628  .00000390  00000-0  19750-3 0  9991
2 41877  98.6736 357.4098 0001635  63.8651 296.2695 14.21648694355072
0 HYSIS
1 43719U 18096A   23284.08902654  .00003155  00000-0  43630-3 0  9994
2 43719  97.9012 348.1146 0002875  83.4284 276.7255 14.78766387262586
0 EOS-7
1 55562U 23019A   23282.35608683  .00051112  00000-0  10326-2 0  9998
2 55562  37.1853  32.0037 0004840 299.6256 101.2105 15.45476119 37285
0 EOS-6
1 54361U 22158A   23284.11260013  .00000969  00000-0  27855-3 0  9994
2 54361  98.3542  19.5354 0001215 110.7510 249.3812 14.46999898 46100
0 EOS-4
1 51656U 22013A   23284.18666690  .00004770  00000-0  27598-3 0  9994
2 51656  97.5175 289.6240 0001849 103.9536 256.1900 15.12723273 91331
0 INSAT 3DR
1 41752U 16054A   23283.84605826 -.00000079  00000-0  00000-0 0  9999
2 41752   0.1166  87.5588 0013093 177.0873 133.1366  1.00271606 25985
0 INSAT 3D
1 39216U 13038B   23283.96495933 -.00000157  00000-0  00000+0 0  9995
2 39216   0.0463  82.7137 0002100 147.3009 218.7600  1.00271724 37470
0 ASTROSAT
1 40930U 15052A   23283.04228110  .00003477  00000-0  38369-3 0  9998
2 40930   5.9981 355.1471 0007779 111.1846 248.9113 14.77934507434183
0 EMISAT
1 44078U 19018A   23284.15006415  .00000647  00000-0  20295-3 0  9991
2 44078  98.3754 342.9955 0017614 302.6703  57.2788 14.43681337238637






















